SIZE 15X10X3
LINE_NUM 48
LINE#1 (14,1,2) (7,7,3)
LINE#2 (14,2,1) (5,9,2)
LINE#3 (2,5,1) (14,2,2)
LINE#4 (8,8,1) (9,3,3)
LINE#5 (2,9,1) (4,0,2)
LINE#6 (10,7,1) (10,6,2)
LINE#7 (7,9,3) (11,9,3)
LINE#8 (10,1,1) (7,0,1)
LINE#9 (2,1,3) (5,9,1)
LINE#10 (13,4,2) (13,9,2)
LINE#11 (8,3,2) (7,4,2)
LINE#12 (6,9,3) (10,8,2)
LINE#13 (2,4,3) (0,5,3)
LINE#14 (2,3,2) (3,4,2)
LINE#15 (2,0,1) (1,5,3)
LINE#16 (7,2,1) (9,5,1)
LINE#17 (2,8,2) (3,7,2)
LINE#18 (2,1,1) (1,4,1)
LINE#19 (3,5,1) (4,6,1)
LINE#20 (9,4,1) (8,3,1)
LINE#21 (13,7,2) (11,5,3)
LINE#22 (0,1,2) (3,0,2)
LINE#23 (12,2,3) (11,3,3)
LINE#24 (0,7,2) (2,8,3)
LINE#25 (3,2,2) (6,2,1)
LINE#26 (14,1,1) (9,0,1)
LINE#27 (14,0,1) (12,0,1)
LINE#28 (10,2,2) (13,2,2)
LINE#29 (5,7,3) (5,8,2)
LINE#30 (9,6,2) (7,7,2)
LINE#31 (10,1,2) (11,0,2)
LINE#32 (13,0,2) (14,0,3)
LINE#33 (14,3,1) (12,3,1)
LINE#34 (12,5,3) (12,7,3)
LINE#35 (11,7,1) (12,6,1)
LINE#36 (1,8,1) (1,9,1)
LINE#37 (5,6,3) (5,5,3)
LINE#38 (12,4,3) (12,3,3)
LINE#39 (13,8,2) (12,8,2)
LINE#40 (2,3,1) (3,3,1)
LINE#41 (2,5,2) (2,4,2)
LINE#42 (12,1,3) (11,1,3)
LINE#43 (3,8,1) (3,9,1)
LINE#44 (6,4,1) (6,5,1)
LINE#45 (8,1,2) (8,1,3)
LINE#46 (14,5,2) (14,4,2)
LINE#47 (6,1,2) (6,1,3)
LINE#48 (1,1,3) (1,2,3)
