SIZE 36X36X1
LINE_NUM 108
LINE#1 (0,0,1)-(2,3,1)
LINE#2 (1,1,1)-(4,1,1)
LINE#3 (1,2,1)-(5,5,1)
LINE#4 (2,10,1)-(5,10,1)
LINE#5 (2,9,1)-(5,11,1)
LINE#6 (0,6,1)-(3,8,1)
LINE#7 (6,0,1)-(8,3,1)
LINE#8 (7,1,1)-(10,1,1)
LINE#9 (7,2,1)-(11,5,1)
LINE#10 (8,10,1)-(11,10,1)
LINE#11 (8,9,1)-(11,11,1)
LINE#12 (6,6,1)-(9,8,1)
LINE#13 (12,0,1)-(14,3,1)
LINE#14 (13,1,1)-(16,1,1)
LINE#15 (13,2,1)-(17,5,1)
LINE#16 (14,10,1)-(17,10,1)
LINE#17 (14,9,1)-(17,11,1)
LINE#18 (12,6,1)-(15,8,1)
LINE#19 (18,0,1)-(20,3,1)
LINE#20 (19,1,1)-(22,1,1)
LINE#21 (19,2,1)-(23,5,1)
LINE#22 (20,10,1)-(23,10,1)
LINE#23 (20,9,1)-(23,11,1)
LINE#24 (18,6,1)-(21,8,1)
LINE#25 (24,0,1)-(26,3,1)
LINE#26 (25,1,1)-(28,1,1)
LINE#27 (25,2,1)-(29,5,1)
LINE#28 (26,10,1)-(29,10,1)
LINE#29 (26,9,1)-(29,11,1)
LINE#30 (24,6,1)-(27,8,1)
LINE#31 (30,0,1)-(32,3,1)
LINE#32 (31,1,1)-(34,1,1)
LINE#33 (31,2,1)-(35,5,1)
LINE#34 (32,10,1)-(35,10,1)
LINE#35 (32,9,1)-(35,11,1)
LINE#36 (30,6,1)-(33,8,1)
LINE#37 (0,12,1)-(2,15,1)
LINE#38 (1,13,1)-(4,13,1)
LINE#39 (1,14,1)-(5,17,1)
LINE#40 (2,22,1)-(5,22,1)
LINE#41 (2,21,1)-(5,23,1)
LINE#42 (0,18,1)-(3,20,1)
LINE#43 (6,12,1)-(8,15,1)
LINE#44 (7,13,1)-(10,13,1)
LINE#45 (7,14,1)-(11,17,1)
LINE#46 (8,22,1)-(11,22,1)
LINE#47 (8,21,1)-(11,23,1)
LINE#48 (6,18,1)-(9,20,1)
LINE#49 (12,12,1)-(14,15,1)
LINE#50 (13,13,1)-(16,13,1)
LINE#51 (13,14,1)-(17,17,1)
LINE#52 (14,22,1)-(17,22,1)
LINE#53 (14,21,1)-(17,23,1)
LINE#54 (12,18,1)-(15,20,1)
LINE#55 (18,12,1)-(20,15,1)
LINE#56 (19,13,1)-(22,13,1)
LINE#57 (19,14,1)-(23,17,1)
LINE#58 (20,22,1)-(23,22,1)
LINE#59 (20,21,1)-(23,23,1)
LINE#60 (18,18,1)-(21,20,1)
LINE#61 (24,12,1)-(26,15,1)
LINE#62 (25,13,1)-(28,13,1)
LINE#63 (25,14,1)-(29,17,1)
LINE#64 (26,22,1)-(29,22,1)
LINE#65 (26,21,1)-(29,23,1)
LINE#66 (24,18,1)-(27,20,1)
LINE#67 (30,12,1)-(32,15,1)
LINE#68 (31,13,1)-(34,13,1)
LINE#69 (31,14,1)-(35,17,1)
LINE#70 (32,22,1)-(35,22,1)
LINE#71 (32,21,1)-(35,23,1)
LINE#72 (30,18,1)-(33,20,1)
LINE#73 (0,24,1)-(2,27,1)
LINE#74 (1,25,1)-(4,25,1)
LINE#75 (1,26,1)-(5,29,1)
LINE#76 (2,34,1)-(5,34,1)
LINE#77 (2,33,1)-(5,35,1)
LINE#78 (0,30,1)-(3,32,1)
LINE#79 (6,24,1)-(8,27,1)
LINE#80 (7,25,1)-(10,25,1)
LINE#81 (7,26,1)-(11,29,1)
LINE#82 (8,34,1)-(11,34,1)
LINE#83 (8,33,1)-(11,35,1)
LINE#84 (6,30,1)-(9,32,1)
LINE#85 (12,24,1)-(14,27,1)
LINE#86 (13,25,1)-(16,25,1)
LINE#87 (13,26,1)-(17,29,1)
LINE#88 (14,34,1)-(17,34,1)
LINE#89 (14,33,1)-(17,35,1)
LINE#90 (12,30,1)-(15,32,1)
LINE#91 (18,24,1)-(20,27,1)
LINE#92 (19,25,1)-(22,25,1)
LINE#93 (19,26,1)-(23,29,1)
LINE#94 (20,34,1)-(23,34,1)
LINE#95 (20,33,1)-(23,35,1)
LINE#96 (18,30,1)-(21,32,1)
LINE#97 (24,24,1)-(26,27,1)
LINE#98 (25,25,1)-(28,25,1)
LINE#99 (25,26,1)-(29,29,1)
LINE#100 (26,33,1)-(29,35,1)
LINE#101 (26,34,1)-(29,34,1)
LINE#102 (24,30,1)-(27,32,1)
LINE#103 (30,24,1)-(32,27,1)
LINE#104 (31,25,1)-(34,25,1)
LINE#105 (31,26,1)-(35,29,1)
LINE#106 (32,34,1)-(35,34,1)
LINE#107 (32,33,1)-(35,35,1)
LINE#108 (30,30,1)-(33,32,1)
