SIZE 36X36X1
LINE_NUM 432
LINE#1 (0,0,1)-(1,1,1)
LINE#2 (0,1,1)-(1,2,1)
LINE#3 (0,3,1)-(1,4,1)
LINE#4 (0,4,1)-(1,5,1)
LINE#5 (0,6,1)-(1,7,1)
LINE#6 (0,7,1)-(1,8,1)
LINE#7 (0,9,1)-(1,10,1)
LINE#8 (0,10,1)-(1,11,1)
LINE#9 (0,12,1)-(1,13,1)
LINE#10 (0,13,1)-(1,14,1)
LINE#11 (0,15,1)-(1,16,1)
LINE#12 (0,16,1)-(1,17,1)
LINE#13 (0,18,1)-(1,19,1)
LINE#14 (0,19,1)-(1,20,1)
LINE#15 (0,21,1)-(1,22,1)
LINE#16 (0,22,1)-(1,23,1)
LINE#17 (0,24,1)-(1,25,1)
LINE#18 (0,25,1)-(1,26,1)
LINE#19 (0,27,1)-(1,28,1)
LINE#20 (0,28,1)-(1,29,1)
LINE#21 (0,30,1)-(1,31,1)
LINE#22 (0,31,1)-(1,32,1)
LINE#23 (0,33,1)-(1,34,1)
LINE#24 (0,34,1)-(1,35,1)
LINE#25 (2,0,1)-(3,1,1)
LINE#26 (2,1,1)-(3,2,1)
LINE#27 (2,3,1)-(3,4,1)
LINE#28 (2,4,1)-(3,5,1)
LINE#29 (2,6,1)-(3,7,1)
LINE#30 (2,7,1)-(3,8,1)
LINE#31 (2,9,1)-(3,10,1)
LINE#32 (2,10,1)-(3,11,1)
LINE#33 (2,12,1)-(3,13,1)
LINE#34 (2,13,1)-(3,14,1)
LINE#35 (2,15,1)-(3,16,1)
LINE#36 (2,16,1)-(3,17,1)
LINE#37 (2,18,1)-(3,19,1)
LINE#38 (2,19,1)-(3,20,1)
LINE#39 (2,21,1)-(3,22,1)
LINE#40 (2,22,1)-(3,23,1)
LINE#41 (2,24,1)-(3,25,1)
LINE#42 (2,25,1)-(3,26,1)
LINE#43 (2,27,1)-(3,28,1)
LINE#44 (2,28,1)-(3,29,1)
LINE#45 (2,30,1)-(3,31,1)
LINE#46 (2,31,1)-(3,32,1)
LINE#47 (2,33,1)-(3,34,1)
LINE#48 (2,34,1)-(3,35,1)
LINE#49 (4,0,1)-(5,1,1)
LINE#50 (4,1,1)-(5,2,1)
LINE#51 (4,3,1)-(5,4,1)
LINE#52 (4,4,1)-(5,5,1)
LINE#53 (4,6,1)-(5,7,1)
LINE#54 (4,7,1)-(5,8,1)
LINE#55 (4,9,1)-(5,10,1)
LINE#56 (4,10,1)-(5,11,1)
LINE#57 (4,12,1)-(5,13,1)
LINE#58 (4,13,1)-(5,14,1)
LINE#59 (4,15,1)-(5,16,1)
LINE#60 (4,16,1)-(5,17,1)
LINE#61 (4,18,1)-(5,19,1)
LINE#62 (4,19,1)-(5,20,1)
LINE#63 (4,21,1)-(5,22,1)
LINE#64 (4,22,1)-(5,23,1)
LINE#65 (4,24,1)-(5,25,1)
LINE#66 (4,25,1)-(5,26,1)
LINE#67 (4,27,1)-(5,28,1)
LINE#68 (4,28,1)-(5,29,1)
LINE#69 (4,30,1)-(5,31,1)
LINE#70 (4,31,1)-(5,32,1)
LINE#71 (4,33,1)-(5,34,1)
LINE#72 (4,34,1)-(5,35,1)
LINE#73 (6,0,1)-(7,1,1)
LINE#74 (6,1,1)-(7,2,1)
LINE#75 (6,3,1)-(7,4,1)
LINE#76 (6,4,1)-(7,5,1)
LINE#77 (6,6,1)-(7,7,1)
LINE#78 (6,7,1)-(7,8,1)
LINE#79 (6,9,1)-(7,10,1)
LINE#80 (6,10,1)-(7,11,1)
LINE#81 (6,12,1)-(7,13,1)
LINE#82 (6,13,1)-(7,14,1)
LINE#83 (6,15,1)-(7,16,1)
LINE#84 (6,16,1)-(7,17,1)
LINE#85 (6,18,1)-(7,19,1)
LINE#86 (6,19,1)-(7,20,1)
LINE#87 (6,21,1)-(7,22,1)
LINE#88 (6,22,1)-(7,23,1)
LINE#89 (6,24,1)-(7,25,1)
LINE#90 (6,25,1)-(7,26,1)
LINE#91 (6,27,1)-(7,28,1)
LINE#92 (6,28,1)-(7,29,1)
LINE#93 (6,30,1)-(7,31,1)
LINE#94 (6,31,1)-(7,32,1)
LINE#95 (6,33,1)-(7,34,1)
LINE#96 (6,34,1)-(7,35,1)
LINE#97 (8,0,1)-(9,1,1)
LINE#98 (8,1,1)-(9,2,1)
LINE#99 (8,3,1)-(9,4,1)
LINE#100 (8,4,1)-(9,5,1)
LINE#101 (8,6,1)-(9,7,1)
LINE#102 (8,7,1)-(9,8,1)
LINE#103 (8,9,1)-(9,10,1)
LINE#104 (8,10,1)-(9,11,1)
LINE#105 (8,12,1)-(9,13,1)
LINE#106 (8,13,1)-(9,14,1)
LINE#107 (8,15,1)-(9,16,1)
LINE#108 (8,16,1)-(9,17,1)
LINE#109 (8,18,1)-(9,19,1)
LINE#110 (8,19,1)-(9,20,1)
LINE#111 (8,21,1)-(9,22,1)
LINE#112 (8,22,1)-(9,23,1)
LINE#113 (8,24,1)-(9,25,1)
LINE#114 (8,25,1)-(9,26,1)
LINE#115 (8,27,1)-(9,28,1)
LINE#116 (8,28,1)-(9,29,1)
LINE#117 (8,30,1)-(9,31,1)
LINE#118 (8,31,1)-(9,32,1)
LINE#119 (8,33,1)-(9,34,1)
LINE#120 (8,34,1)-(9,35,1)
LINE#121 (10,0,1)-(11,1,1)
LINE#122 (10,1,1)-(11,2,1)
LINE#123 (10,3,1)-(11,4,1)
LINE#124 (10,4,1)-(11,5,1)
LINE#125 (10,6,1)-(11,7,1)
LINE#126 (10,7,1)-(11,8,1)
LINE#127 (10,9,1)-(11,10,1)
LINE#128 (10,10,1)-(11,11,1)
LINE#129 (10,12,1)-(11,13,1)
LINE#130 (10,13,1)-(11,14,1)
LINE#131 (10,15,1)-(11,16,1)
LINE#132 (10,16,1)-(11,17,1)
LINE#133 (10,18,1)-(11,19,1)
LINE#134 (10,19,1)-(11,20,1)
LINE#135 (10,21,1)-(11,22,1)
LINE#136 (10,22,1)-(11,23,1)
LINE#137 (10,24,1)-(11,25,1)
LINE#138 (10,25,1)-(11,26,1)
LINE#139 (10,27,1)-(11,28,1)
LINE#140 (10,28,1)-(11,29,1)
LINE#141 (10,30,1)-(11,31,1)
LINE#142 (10,31,1)-(11,32,1)
LINE#143 (10,33,1)-(11,34,1)
LINE#144 (10,34,1)-(11,35,1)
LINE#145 (12,0,1)-(13,1,1)
LINE#146 (12,1,1)-(13,2,1)
LINE#147 (12,3,1)-(13,4,1)
LINE#148 (12,4,1)-(13,5,1)
LINE#149 (12,6,1)-(13,7,1)
LINE#150 (12,7,1)-(13,8,1)
LINE#151 (12,9,1)-(13,10,1)
LINE#152 (12,10,1)-(13,11,1)
LINE#153 (12,12,1)-(13,13,1)
LINE#154 (12,13,1)-(13,14,1)
LINE#155 (12,15,1)-(13,16,1)
LINE#156 (12,16,1)-(13,17,1)
LINE#157 (12,18,1)-(13,19,1)
LINE#158 (12,19,1)-(13,20,1)
LINE#159 (12,21,1)-(13,22,1)
LINE#160 (12,22,1)-(13,23,1)
LINE#161 (12,24,1)-(13,25,1)
LINE#162 (12,25,1)-(13,26,1)
LINE#163 (12,27,1)-(13,28,1)
LINE#164 (12,28,1)-(13,29,1)
LINE#165 (12,30,1)-(13,31,1)
LINE#166 (12,31,1)-(13,32,1)
LINE#167 (12,33,1)-(13,34,1)
LINE#168 (12,34,1)-(13,35,1)
LINE#169 (14,0,1)-(15,1,1)
LINE#170 (14,1,1)-(15,2,1)
LINE#171 (14,3,1)-(15,4,1)
LINE#172 (14,4,1)-(15,5,1)
LINE#173 (14,6,1)-(15,7,1)
LINE#174 (14,7,1)-(15,8,1)
LINE#175 (14,9,1)-(15,10,1)
LINE#176 (14,10,1)-(15,11,1)
LINE#177 (14,12,1)-(15,13,1)
LINE#178 (14,13,1)-(15,14,1)
LINE#179 (14,15,1)-(15,16,1)
LINE#180 (14,16,1)-(15,17,1)
LINE#181 (14,18,1)-(15,19,1)
LINE#182 (14,19,1)-(15,20,1)
LINE#183 (14,21,1)-(15,22,1)
LINE#184 (14,22,1)-(15,23,1)
LINE#185 (14,24,1)-(15,25,1)
LINE#186 (14,25,1)-(15,26,1)
LINE#187 (14,27,1)-(15,28,1)
LINE#188 (14,28,1)-(15,29,1)
LINE#189 (14,30,1)-(15,31,1)
LINE#190 (14,31,1)-(15,32,1)
LINE#191 (14,33,1)-(15,34,1)
LINE#192 (14,34,1)-(15,35,1)
LINE#193 (16,0,1)-(17,1,1)
LINE#194 (16,1,1)-(17,2,1)
LINE#195 (16,3,1)-(17,4,1)
LINE#196 (16,4,1)-(17,5,1)
LINE#197 (16,6,1)-(17,7,1)
LINE#198 (16,7,1)-(17,8,1)
LINE#199 (16,9,1)-(17,10,1)
LINE#200 (16,10,1)-(17,11,1)
LINE#201 (16,12,1)-(17,13,1)
LINE#202 (16,13,1)-(17,14,1)
LINE#203 (16,15,1)-(17,16,1)
LINE#204 (16,16,1)-(17,17,1)
LINE#205 (16,18,1)-(17,19,1)
LINE#206 (16,19,1)-(17,20,1)
LINE#207 (16,21,1)-(17,22,1)
LINE#208 (16,22,1)-(17,23,1)
LINE#209 (16,24,1)-(17,25,1)
LINE#210 (16,25,1)-(17,26,1)
LINE#211 (16,27,1)-(17,28,1)
LINE#212 (16,28,1)-(17,29,1)
LINE#213 (16,30,1)-(17,31,1)
LINE#214 (16,31,1)-(17,32,1)
LINE#215 (16,33,1)-(17,34,1)
LINE#216 (16,34,1)-(17,35,1)
LINE#217 (18,0,1)-(19,1,1)
LINE#218 (18,1,1)-(19,2,1)
LINE#219 (18,3,1)-(19,4,1)
LINE#220 (18,4,1)-(19,5,1)
LINE#221 (18,6,1)-(19,7,1)
LINE#222 (18,7,1)-(19,8,1)
LINE#223 (18,9,1)-(19,10,1)
LINE#224 (18,10,1)-(19,11,1)
LINE#225 (18,12,1)-(19,13,1)
LINE#226 (18,13,1)-(19,14,1)
LINE#227 (18,15,1)-(19,16,1)
LINE#228 (18,16,1)-(19,17,1)
LINE#229 (18,18,1)-(19,19,1)
LINE#230 (18,19,1)-(19,20,1)
LINE#231 (18,21,1)-(19,22,1)
LINE#232 (18,22,1)-(19,23,1)
LINE#233 (18,24,1)-(19,25,1)
LINE#234 (18,25,1)-(19,26,1)
LINE#235 (18,27,1)-(19,28,1)
LINE#236 (18,28,1)-(19,29,1)
LINE#237 (18,30,1)-(19,31,1)
LINE#238 (18,31,1)-(19,32,1)
LINE#239 (18,33,1)-(19,34,1)
LINE#240 (18,34,1)-(19,35,1)
LINE#241 (20,0,1)-(21,1,1)
LINE#242 (20,1,1)-(21,2,1)
LINE#243 (20,3,1)-(21,4,1)
LINE#244 (20,4,1)-(21,5,1)
LINE#245 (20,6,1)-(21,7,1)
LINE#246 (20,7,1)-(21,8,1)
LINE#247 (20,9,1)-(21,10,1)
LINE#248 (20,10,1)-(21,11,1)
LINE#249 (20,12,1)-(21,13,1)
LINE#250 (20,13,1)-(21,14,1)
LINE#251 (20,15,1)-(21,16,1)
LINE#252 (20,16,1)-(21,17,1)
LINE#253 (20,18,1)-(21,19,1)
LINE#254 (20,19,1)-(21,20,1)
LINE#255 (20,21,1)-(21,22,1)
LINE#256 (20,22,1)-(21,23,1)
LINE#257 (20,24,1)-(21,25,1)
LINE#258 (20,25,1)-(21,26,1)
LINE#259 (20,27,1)-(21,28,1)
LINE#260 (20,28,1)-(21,29,1)
LINE#261 (20,30,1)-(21,31,1)
LINE#262 (20,31,1)-(21,32,1)
LINE#263 (20,33,1)-(21,34,1)
LINE#264 (20,34,1)-(21,35,1)
LINE#265 (22,0,1)-(23,1,1)
LINE#266 (22,1,1)-(23,2,1)
LINE#267 (22,3,1)-(23,4,1)
LINE#268 (22,4,1)-(23,5,1)
LINE#269 (22,6,1)-(23,7,1)
LINE#270 (22,7,1)-(23,8,1)
LINE#271 (22,9,1)-(23,10,1)
LINE#272 (22,10,1)-(23,11,1)
LINE#273 (22,12,1)-(23,13,1)
LINE#274 (22,13,1)-(23,14,1)
LINE#275 (22,15,1)-(23,16,1)
LINE#276 (22,16,1)-(23,17,1)
LINE#277 (22,18,1)-(23,19,1)
LINE#278 (22,19,1)-(23,20,1)
LINE#279 (22,21,1)-(23,22,1)
LINE#280 (22,22,1)-(23,23,1)
LINE#281 (22,24,1)-(23,25,1)
LINE#282 (22,25,1)-(23,26,1)
LINE#283 (22,27,1)-(23,28,1)
LINE#284 (22,28,1)-(23,29,1)
LINE#285 (22,30,1)-(23,31,1)
LINE#286 (22,31,1)-(23,32,1)
LINE#287 (22,33,1)-(23,34,1)
LINE#288 (22,34,1)-(23,35,1)
LINE#289 (24,0,1)-(25,1,1)
LINE#290 (24,1,1)-(25,2,1)
LINE#291 (24,3,1)-(25,4,1)
LINE#292 (24,4,1)-(25,5,1)
LINE#293 (24,6,1)-(25,7,1)
LINE#294 (24,7,1)-(25,8,1)
LINE#295 (24,9,1)-(25,10,1)
LINE#296 (24,10,1)-(25,11,1)
LINE#297 (24,12,1)-(25,13,1)
LINE#298 (24,13,1)-(25,14,1)
LINE#299 (24,15,1)-(25,16,1)
LINE#300 (24,16,1)-(25,17,1)
LINE#301 (24,18,1)-(25,19,1)
LINE#302 (24,19,1)-(25,20,1)
LINE#303 (24,21,1)-(25,22,1)
LINE#304 (24,22,1)-(25,23,1)
LINE#305 (24,24,1)-(25,25,1)
LINE#306 (24,25,1)-(25,26,1)
LINE#307 (24,27,1)-(25,28,1)
LINE#308 (24,28,1)-(25,29,1)
LINE#309 (24,30,1)-(25,31,1)
LINE#310 (24,31,1)-(25,32,1)
LINE#311 (24,33,1)-(25,34,1)
LINE#312 (24,34,1)-(25,35,1)
LINE#313 (26,0,1)-(27,1,1)
LINE#314 (26,1,1)-(27,2,1)
LINE#315 (26,3,1)-(27,4,1)
LINE#316 (26,4,1)-(27,5,1)
LINE#317 (26,6,1)-(27,7,1)
LINE#318 (26,7,1)-(27,8,1)
LINE#319 (26,9,1)-(27,10,1)
LINE#320 (26,10,1)-(27,11,1)
LINE#321 (26,12,1)-(27,13,1)
LINE#322 (26,13,1)-(27,14,1)
LINE#323 (26,15,1)-(27,16,1)
LINE#324 (26,16,1)-(27,17,1)
LINE#325 (26,18,1)-(27,19,1)
LINE#326 (26,19,1)-(27,20,1)
LINE#327 (26,21,1)-(27,22,1)
LINE#328 (26,22,1)-(27,23,1)
LINE#329 (26,24,1)-(27,25,1)
LINE#330 (26,25,1)-(27,26,1)
LINE#331 (26,27,1)-(27,28,1)
LINE#332 (26,28,1)-(27,29,1)
LINE#333 (26,30,1)-(27,31,1)
LINE#334 (26,31,1)-(27,32,1)
LINE#335 (26,33,1)-(27,34,1)
LINE#336 (26,34,1)-(27,35,1)
LINE#337 (28,0,1)-(29,1,1)
LINE#338 (28,1,1)-(29,2,1)
LINE#339 (28,3,1)-(29,4,1)
LINE#340 (28,4,1)-(29,5,1)
LINE#341 (28,6,1)-(29,7,1)
LINE#342 (28,7,1)-(29,8,1)
LINE#343 (28,9,1)-(29,10,1)
LINE#344 (28,10,1)-(29,11,1)
LINE#345 (28,12,1)-(29,13,1)
LINE#346 (28,13,1)-(29,14,1)
LINE#347 (28,15,1)-(29,16,1)
LINE#348 (28,16,1)-(29,17,1)
LINE#349 (28,18,1)-(29,19,1)
LINE#350 (28,19,1)-(29,20,1)
LINE#351 (28,21,1)-(29,22,1)
LINE#352 (28,22,1)-(29,23,1)
LINE#353 (28,24,1)-(29,25,1)
LINE#354 (28,25,1)-(29,26,1)
LINE#355 (28,27,1)-(29,28,1)
LINE#356 (28,28,1)-(29,29,1)
LINE#357 (28,30,1)-(29,31,1)
LINE#358 (28,31,1)-(29,32,1)
LINE#359 (28,33,1)-(29,34,1)
LINE#360 (28,34,1)-(29,35,1)
LINE#361 (30,0,1)-(31,1,1)
LINE#362 (30,1,1)-(31,2,1)
LINE#363 (30,3,1)-(31,4,1)
LINE#364 (30,4,1)-(31,5,1)
LINE#365 (30,6,1)-(31,7,1)
LINE#366 (30,7,1)-(31,8,1)
LINE#367 (30,9,1)-(31,10,1)
LINE#368 (30,10,1)-(31,11,1)
LINE#369 (30,12,1)-(31,13,1)
LINE#370 (30,13,1)-(31,14,1)
LINE#371 (30,15,1)-(31,16,1)
LINE#372 (30,16,1)-(31,17,1)
LINE#373 (30,18,1)-(31,19,1)
LINE#374 (30,19,1)-(31,20,1)
LINE#375 (30,21,1)-(31,22,1)
LINE#376 (30,22,1)-(31,23,1)
LINE#377 (30,24,1)-(31,25,1)
LINE#378 (30,25,1)-(31,26,1)
LINE#379 (30,27,1)-(31,28,1)
LINE#380 (30,28,1)-(31,29,1)
LINE#381 (30,30,1)-(31,31,1)
LINE#382 (30,31,1)-(31,32,1)
LINE#383 (30,33,1)-(31,34,1)
LINE#384 (30,34,1)-(31,35,1)
LINE#385 (32,0,1)-(33,1,1)
LINE#386 (32,1,1)-(33,2,1)
LINE#387 (32,3,1)-(33,4,1)
LINE#388 (32,4,1)-(33,5,1)
LINE#389 (32,6,1)-(33,7,1)
LINE#390 (32,7,1)-(33,8,1)
LINE#391 (32,9,1)-(33,10,1)
LINE#392 (32,10,1)-(33,11,1)
LINE#393 (32,12,1)-(33,13,1)
LINE#394 (32,13,1)-(33,14,1)
LINE#395 (32,15,1)-(33,16,1)
LINE#396 (32,16,1)-(33,17,1)
LINE#397 (32,18,1)-(33,19,1)
LINE#398 (32,19,1)-(33,20,1)
LINE#399 (32,21,1)-(33,22,1)
LINE#400 (32,22,1)-(33,23,1)
LINE#401 (32,24,1)-(33,25,1)
LINE#402 (32,25,1)-(33,26,1)
LINE#403 (32,27,1)-(33,28,1)
LINE#404 (32,28,1)-(33,29,1)
LINE#405 (32,30,1)-(33,31,1)
LINE#406 (32,31,1)-(33,32,1)
LINE#407 (32,33,1)-(33,34,1)
LINE#408 (32,34,1)-(33,35,1)
LINE#409 (34,0,1)-(35,1,1)
LINE#410 (34,1,1)-(35,2,1)
LINE#411 (34,3,1)-(35,4,1)
LINE#412 (34,4,1)-(35,5,1)
LINE#413 (34,6,1)-(35,7,1)
LINE#414 (34,7,1)-(35,8,1)
LINE#415 (34,9,1)-(35,10,1)
LINE#416 (34,10,1)-(35,11,1)
LINE#417 (34,12,1)-(35,13,1)
LINE#418 (34,13,1)-(35,14,1)
LINE#419 (34,15,1)-(35,16,1)
LINE#420 (34,16,1)-(35,17,1)
LINE#421 (34,18,1)-(35,19,1)
LINE#422 (34,19,1)-(35,20,1)
LINE#423 (34,21,1)-(35,22,1)
LINE#424 (34,22,1)-(35,23,1)
LINE#425 (34,24,1)-(35,25,1)
LINE#426 (34,25,1)-(35,26,1)
LINE#427 (34,27,1)-(35,28,1)
LINE#428 (34,28,1)-(35,29,1)
LINE#429 (34,30,1)-(35,31,1)
LINE#430 (34,31,1)-(35,32,1)
LINE#431 (34,33,1)-(35,34,1)
LINE#432 (34,34,1)-(35,35,1)
