SIZE 36X36X1
LINE_NUM 31
LINE#1 (0,35,1)-(35,35,1)
LINE#2 (1,1,1)-(17,35,1)
LINE#3 (1,17,1)-(16,17,1)
LINE#4 (2,3,1)-(4,15,1)
LINE#5 (3,3,1)-(7,15,1)
LINE#6 (6,5,1)-(7,16,1)
LINE#7 (10,2,1)-(12,14,1)
LINE#8 (11,2,1)-(15,15,1)
LINE#9 (14,4,1)-(14,15,1)
LINE#10 (3,21,1)-(5,32,1)
LINE#11 (3,20,1)-(8,32,1)
LINE#12 (7,22,1)-(8,33,1)
LINE#13 (11,20,1)-(13,31,1)
LINE#14 (11,19,1)-(16,32,1)
LINE#15 (15,21,1)-(15,32,1)
LINE#16 (19,0,1)-(35,34,1)
LINE#17 (19,16,1)-(34,16,1)
LINE#18 (20,33,1)-(35,33,1)
LINE#19 (20,2,1)-(22,13,1)
LINE#20 (21,2,1)-(25,15,1)
LINE#21 (24,4,1)-(21,15,1)
LINE#22 (28,1,1)-(30,12,1)
LINE#23 (29,1,1)-(33,14,1)
LINE#24 (32,3,1)-(29,14,1)
LINE#25 (21,20,1)-(23,30,1)
LINE#26 (21,19,1)-(26,32,1)
LINE#27 (25,21,1)-(22,32,1)
LINE#28 (29,19,1)-(31,29,1)
LINE#29 (29,18,1)-(34,31,1)
LINE#30 (33,20,1)-(30,31,1)
LINE#31 (2,34,1)-(17,34,1)
