SIZE 28X36X1
LINE_NUM 31
LINE#1 (7,0,1)-(4,4,1)
LINE#2 (7,1,1)-(2,3,1)
LINE#3 (7,2,1)-(4,7,1)
LINE#4 (7,3,1)-(6,7,1)
LINE#5 (7,4,1)-(10,11,1)
LINE#6 (7,5,1)-(8,12,1)
LINE#7 (7,6,1)-(7,11,1)
LINE#8 (0,7,1)-(7,7,1)
LINE#9 (13,0,1)-(27,7,1)
LINE#10 (13,2,1)-(25,7,1)
LINE#11 (15,3,1)-(24,7,1)
LINE#12 (19,29,1)-(10,32,1)
LINE#13 (17,28,1)-(10,35,1)
LINE#14 (20,3,1)-(22,7,1)
LINE#15 (15,6,1)-(21,7,1)
LINE#16 (13,7,1)-(20,7,1)
LINE#17 (19,7,1)-(15,8,1)
LINE#18 (18,7,1)-(13,9,1)
LINE#19 (14,27,1)-(9,34,1)
LINE#20 (18,12,1)-(4,18,1)
LINE#21 (13,26,1)-(4,32,1)
LINE#22 (12,25,1)-(0,30,1)
LINE#23 (21,12,1)-(18,24,1)
LINE#24 (19,18,1)-(22,18,1)
LINE#25 (23,10,1)-(20,18,1)
LINE#26 (0,13,1)-(14,13,1)
LINE#27 (16,13,1)-(3,16,1)
LINE#28 (6,16,1)-(14,21,1)
LINE#29 (5,20,1)-(19,20,1)
LINE#30 (1,21,1)-(14,23,1)
LINE#31 (16,24,1)-(1,31,1)
