SIZE 20X20X1
LINE_NUM 19
LINE#1 (0,2,1)-(19,16,1)
LINE#2 (1,2,1)-(18,16,1)
LINE#3 (2,2,1)-(17,16,1)
LINE#4 (3,2,1)-(16,16,1)
LINE#5 (4,2,1)-(15,16,1)
LINE#6 (5,2,1)-(14,16,1)
LINE#7 (15,4,1)-(5,15,1)
LINE#8 (15,5,1)-(5,14,1)
LINE#9 (15,6,1)-(5,13,1)
LINE#10 (15,7,1)-(5,12,1)
LINE#11 (11,5,1)-(5,11,1)
LINE#12 (11,6,1)-(5,10,1)
LINE#13 (11,7,1)-(5,9,1)
LINE#14 (5,8,1)-(11,8,1)
LINE#15 (8,7,1)-(8,9,1)
LINE#16 (0,0,1)-(2,0,1)
LINE#17 (19,17,1)-(19,19,1)
LINE#18 (13,14,1)-(13,16,1)
LINE#19 (8,15,1)-(13,15,1)
