SIZE 30X30X1
LINE_NUM 24
LINE#1 (27,0,1)-(14,14,1)
LINE#2 (15,14,1)-(29,18,1)
LINE#3 (0,0,1)-(14,15,1)
LINE#4 (0,2,1)-(15,15,1)
LINE#5 (17,15,1)-(20,15,1)
LINE#6 (28,0,1)-(15,13,1)
LINE#7 (0,3,1)-(20,14,1)
LINE#8 (0,1,1)-(22,16,1)
LINE#9 (29,0,1)-(15,12,1)
LINE#10 (0,4,1)-(19,14,1)
LINE#11 (0,5,1)-(18,14,1)
LINE#12 (17,14,1)-(29,22,1)
LINE#13 (6,0,1)-(14,17,1)
LINE#14 (17,8,1)-(29,25,1)
LINE#15 (11,7,1)-(29,26,1)
LINE#16 (17,9,1)-(29,24,1)
LINE#17 (18,1,1)-(24,16,1)
LINE#18 (4,7,1)-(29,28,1)
LINE#19 (21,5,1)-(21,9,1)
LINE#20 (10,12,1)-(10,20,1)
LINE#21 (17,17,1)-(19,17,1)
LINE#22 (17,20,1)-(20,20,1)
LINE#23 (9,13,1)-(13,23,1)
LINE#24 (2,7,1)-(2,29,1)
