SIZE 32X32X1
LINE_NUM 84
LINE#1 (5,4,1)-(5,15,1)
LINE#2 (0,8,1)-(9,16,1)
LINE#3 (10,8,1)-(10,16,1)
LINE#4 (17,3,1)-(12,8,1)
LINE#5 (15,7,1)-(15,16,1)
LINE#6 (19,7,1)-(23,7,1)
LINE#7 (20,3,1)-(21,6,1)
LINE#8 (21,8,1)-(25,16,1)
LINE#9 (23,3,1)-(24,4,1)
LINE#10 (1,21,1)-(7,21,1)
LINE#11 (4,19,1)-(4,20,1)
LINE#12 (4,22,1)-(4,29,1)
LINE#13 (3,23,1)-(1,29,1)
LINE#14 (9,21,1)-(10,22,1)
LINE#15 (14,21,1)-(8,28,1)
LINE#16 (16,23,1)-(23,23,1)
LINE#17 (17,20,1)-(17,22,1)
LINE#18 (17,24,1)-(23,28,1)
LINE#19 (26,21,1)-(27,22,1)
LINE#20 (31,21,1)-(25,28,1)
LINE#21 (3,25,1)-(2,28,1)
LINE#22 (2,29,1)-(3,29,1)
LINE#23 (0,0,1)-(4,15,1)
LINE#24 (1,0,1)-(4,14,1)
LINE#25 (2,0,1)-(4,13,1)
LINE#26 (3,0,1)-(4,12,1)
LINE#27 (4,0,1)-(9,15,1)
LINE#28 (5,0,1)-(9,14,1)
LINE#29 (6,0,1)-(9,13,1)
LINE#30 (7,0,1)-(9,12,1)
LINE#31 (10,0,1)-(0,29,1)
LINE#32 (11,0,1)-(12,7,1)
LINE#33 (12,0,1)-(13,6,1)
LINE#34 (13,0,1)-(14,5,1)
LINE#35 (14,0,1)-(15,4,1)
LINE#36 (15,0,1)-(16,3,1)
LINE#37 (16,0,1)-(14,8,1)
LINE#38 (17,0,1)-(13,9,1)
LINE#39 (19,0,1)-(22,8,1)
LINE#40 (21,0,1)-(22,4,1)
LINE#41 (22,0,1)-(23,5,1)
LINE#42 (24,0,1)-(22,9,1)
LINE#43 (25,0,1)-(23,10,1)
LINE#44 (27,0,1)-(23,11,1)
LINE#45 (29,0,1)-(23,12,1)
LINE#46 (30,0,1)-(24,13,1)
LINE#47 (31,0,1)-(24,14,1)
LINE#48 (31,12,1)-(25,15,1)
LINE#49 (18,8,1)-(31,16,1)
LINE#50 (19,9,1)-(31,17,1)
LINE#51 (18,9,1)-(31,18,1)
LINE#52 (18,14,1)-(31,19,1)
LINE#53 (12,9,1)-(1,18,1)
LINE#54 (2,18,1)-(2,19,1)
LINE#55 (3,22,1)-(2,23,1)
LINE#56 (1,22,1)-(1,26,1)
LINE#57 (5,20,1)-(5,29,1)
LINE#58 (18,18,1)-(5,19,1)
LINE#59 (9,20,1)-(9,22,1)
LINE#60 (8,23,1)-(6,29,1)
LINE#61 (16,22,1)-(8,29,1)
LINE#62 (13,21,1)-(13,23,1)
LINE#63 (12,25,1)-(10,28,1)
LINE#64 (11,25,1)-(10,27,1)
LINE#65 (9,26,1)-(10,26,1)
LINE#66 (15,21,1)-(13,29,1)
LINE#67 (16,24,1)-(14,29,1)
LINE#68 (16,27,1)-(17,29,1)
LINE#69 (17,27,1)-(17,28,1)
LINE#70 (18,20,1)-(19,20,1)
LINE#71 (18,21,1)-(18,25,1)
LINE#72 (25,21,1)-(20,24,1)
LINE#73 (20,25,1)-(25,29,1)
LINE#74 (20,27,1)-(21,27,1)
LINE#75 (20,26,1)-(28,28,1)
LINE#76 (26,22,1)-(28,27,1)
LINE#77 (27,23,1)-(29,26,1)
LINE#78 (31,20,1)-(29,24,1)
LINE#79 (29,22,1)-(29,23,1)
LINE#80 (30,22,1)-(30,23,1)
LINE#81 (31,25,1)-(31,29,1)
LINE#82 (30,28,1)-(30,29,1)
LINE#83 (0,30,1)-(31,30,1)
LINE#84 (0,31,1)-(31,31,1)
